0,1,2,3,4,5,6,7,8,9,10,11,12,13,14,15,16,17,18,19,20,21,22,23,24,25,26,27,28,29,30,31,32,33,34,35,36,37,38,39,40,41,42,43,44,45,46,47,48,49,50,51,52,53,54,55,56,57,58,59,60,61,62,63,64,65,66,67,68,69,70,71,72,73,74,75,76,77,78,79,80,81,82,83,84,85,86,87,88,89
1.6443395989766535e-06,-1.6181672550515599e-06,-1.1980135955422573e-09,-1.0416655109391034e-09,-2.8879773178071353e-09,-1.8709529859881078e-09,-1.1111752266950962e-09,-1.1706530355813782e-09,-1.5520826942606101e-09,1.7940649282848525e-11,2.4491432073658035e-13,-8.290142442971485e-13,1.7165766764052456e-12,-1.1542183755305362e-12,2.0409526728048667e-14,-1.3931926370918e-12,-4.8862425515839574e-12,-1.5928796099415943e-11,5.193752053934727e-14,6.958577412467065e-12,9.157961576943567e-12,-1.186537262478959e-11,-1.8181577628200153e-11,1.1250487340263735e-11,1.0116274864355606e-11,-7.315187753812769e-12,-6.391192733555423e-14,-2.821611320393728e-12,6.79687004160276e-11,-5.90282823597351e-13,-4.840563727712308e-12,-1.6025624493643456e-12,3.1215518128561254e-13,-6.09280366932608e-14,9.994034228920007e-14,-2.6112015725684414e-13,1.5401843821940161e-12,5.360484874449967e-14,3.0557758331567375e-11,-3.4323268565945403e-12,-1.7121821963799277e-11,-5.889145525219901e-12,-5.1366348014569515e-12,-5.096090239220237e-13,6.253899020191765e-14,-8.151871131882556e-13,9.102862484937619e-12,1.9685524127732187e-12,-4.480045185264486e-11,2.463281028141507e-11,-7.285372781435848e-12,1.4464256983746157e-11,-1.103663367250655e-12,-3.056794891607293e-12,-4.320154204438216e-15,1.0476376011126785e-12,5.998077827119346e-12,2.966237632072446e-12,-1.6340716259617722e-12,-4.66617147389001e-12,-1.0070933165426981e-11,7.283687169633302e-12,-2.2225729777703595e-13,2.0109470576824895e-13,4.078956986375319e-12,4.469104550332558e-12,-7.0841502390952695e-12,-1.153907728165747e-11,7.559758679698221e-12,3.253275110018471e-12,8.756884999704481e-13,-1.9869071728979637e-12,1.23522134252934e-11,8.012718671106391e-12,-4.112788566958374e-13,1.623914367398466e-12,-1.5308210200892e-13,-1.0415300705302655e-12,1.9642028732448484e-12,-2.033256929867861e-14,-2.1118114263798845e-11,4.277097265190313e-12,3.4217770715287736e-12,4.0996419603102036e-13,-1.1214303853989417e-12,2.7130570724050174e-12,-3.663608400228725e-12,-3.0984039461372024e-13,-4.929843355357993e-12,9.990887796805199e-14
-1.6181672550515599e-06,1.7197701895490543e-05,-7.142247968499745e-07,-6.194939480068128e-07,-1.721309787391426e-06,-1.1148197997995187e-06,-6.617329683850812e-07,-6.95958032062243e-07,-9.234508580656954e-07,4.598116249878435e-09,6.202417534066725e-11,-2.5632113432002614e-10,4.928487111186126e-10,-3.7191737585025697e-10,5.168681278389037e-12,-4.0349893682970786e-10,-1.3403002289171422e-09,-4.198047812380907e-09,1.0378504299449567e-10,2.1623123501326997e-09,2.526406709298568e-09,-3.3034097258937515e-09,-5.232683210507958e-09,3.0611917152378712e-09,3.2937918949787364e-09,-2.6100391552944836e-09,-1.794206146540268e-11,-9.321861077811396e-10,1.9936540264386386e-08,-1.5745368036447851e-10,-1.3956852551704968e-09,-5.3461396980223e-10,1.0964355732488529e-10,-1.7883006776712557e-11,4.7508883642866226e-11,-7.664145761448637e-11,4.6237990834531827e-10,1.5991071949527765e-11,9.174793254287418e-09,-1.2921132474209931e-09,-5.033860178159329e-09,-1.651248079827062e-09,-1.4617219829533453e-09,-1.6912393621441478e-10,1.865625060778308e-11,-2.0400397535606253e-10,3.0218981722674605e-09,6.834174907009071e-10,-1.4585064256900378e-08,7.300356330724299e-09,-1.8136484481704613e-09,4.618166815350425e-09,-1.6618003007174757e-10,-9.272081941522501e-10,-2.0306313039328627e-12,6.670578201480263e-10,1.9283062634421407e-09,4.2614039450394076e-10,-8.326643232770361e-11,-2.238237978611124e-09,-2.5899250831918666e-09,2.213088743553011e-09,-6.576972236246149e-11,4.53327021173233e-11,1.2333550075690443e-09,1.3055392645626214e-09,-2.2737431127574215e-09,-3.6605090033086177e-09,2.0965878083917976e-09,1.5293219636995952e-09,2.83845726901698e-10,-6.188041767272325e-10,3.0821250540905596e-09,2.3056677314777888e-09,-1.1774793851822412e-10,4.963244051161394e-10,-8.756804312171776e-11,-3.025811274343077e-10,6.375786723953316e-10,-5.535200195617202e-12,-5.6127039711895345e-09,1.1595089384504609e-09,1.0594481807990098e-09,9.513481217049049e-11,-2.535443922067085e-10,1.1326638736013673e-09,-1.1217275738890212e-09,-1.1590704122968554e-10,-1.714394567711172e-09,3.798137014810572e-11
-1.1980135955422573e-09,-7.142247968499745e-07,7.262484445908572e-07,-4.318497177643777e-10,-1.252718196855666e-09,-8.519125536141613e-10,-5.164687468623295e-10,-4.4708267291918575e-10,-7.159181714306708e-10,9.622422141309597e-11,1.4810354007046358e-12,6.557273877430235e-11,-4.85892900598201e-11,8.774846220284828e-11,1.2341961672535958e-13,-2.004211880592892e-11,-1.764334018062137e-10,4.74359420176915e-11,-6.036970017564904e-11,-3.4211610503617034e-11,7.28103007043623e-11,9.859276402832297e-11,-1.4966467127657584e-10,9.736947504370813e-11,7.499184992791986e-11,-1.0143223650187477e-10,-6.080777797876699e-13,4.682327851010714e-11,-1.2660179351839466e-10,-1.543929419580192e-11,-1.2230485169048585e-11,-1.0470447382514389e-11,-1.6095203887104756e-12,1.1174075229836681e-13,-1.742845791061456e-12,4.788889384216853e-13,-7.1455154830647e-11,5.955570371677847e-13,1.76521452415239e-10,1.7857605597562855e-11,-4.237933866838567e-11,3.491191362708955e-11,-1.596327354709609e-10,4.0600377619955686e-11,6.94816543362405e-13,-1.1219089024331894e-11,1.6599752826718233e-11,2.9536106412055935e-11,4.446073654674787e-10,-1.9475884767038428e-10,-1.8867709586605544e-10,-1.4589867780222262e-10,3.4568642909678025e-11,4.604833325415683e-11,7.374173325538589e-14,2.5229701160969756e-11,-4.9742970240196683e-11,1.6736904237773143e-11,-1.9184963729266783e-10,1.5357668851998166e-10,6.151402685086767e-11,-9.338319525411949e-12,-2.3584696753422003e-12,2.729210741534608e-11,4.360017086600401e-12,1.0612977605000414e-10,1.2425782303345114e-10,3.850302808465817e-11,6.189597460326889e-11,-3.7887221835508215e-10,-3.104601043687449e-12,1.8827069073983893e-11,-1.6411024554725415e-11,3.6990116722925775e-11,-2.5280690448771384e-12,3.476028202239134e-11,3.079181395669967e-11,-2.798470688558555e-12,-8.678592038255943e-12,-1.755731069880264e-14,-1.0469081219775358e-10,1.4444924630423374e-10,-9.128550180341624e-11,-5.263935238696668e-12,-3.4665245867782046e-11,7.315685497695521e-11,7.194104530275596e-13,-3.3492192634773706e-12,-7.791531350898207e-11,-1.0969286629302186e-12
-1.0416655109391034e-09,-6.194939480068128e-07,-4.318497177643777e-10,6.293131857298705e-07,-1.0309983993654383e-09,-6.340718270859673e-10,-3.42405484023018e-10,1.2677180047578542e-10,-5.655340855361445e-10,-1.7099757040381289e-10,-1.5458349282684916e-12,-1.3161984965919333e-10,1.2817006629318934e-10,7.23115602780973e-11,-1.2881957735572666e-13,5.3604270207517434e-11,-2.4932478600997464e-10,4.476584385098266e-10,-9.507319677371203e-11,-1.707924467956413e-10,6.608714357708933e-10,4.4690329491745354e-11,-9.072397590968565e-10,4.5015831660177887e-10,-9.212411646493288e-11,1.1227102229455173e-10,-3.7339472938622935e-12,5.595019774188643e-11,1.477522239089472e-10,6.848830493682951e-11,2.993922277516893e-10,2.0915472773643254e-11,-3.8011138761425555e-11,-4.48088445904533e-13,-3.132100911551348e-12,-1.920379053876819e-12,4.434511035803283e-11,-7.922343947749754e-13,-4.3484362914116004e-10,3.95046622740802e-10,-4.685843888166029e-10,4.093945791890385e-11,9.617022844160479e-11,-4.6699355723521175e-11,-9.242734605708383e-13,-6.440257909370368e-11,-1.86888352273044e-09,-6.973823622751613e-10,6.220925084455641e-09,-3.078662747106226e-10,-1.4549709704205365e-09,-6.904226745397591e-10,-3.529869852225964e-10,-8.59640619865164e-11,-1.2310890422604347e-12,-1.0408838141035584e-11,-2.107696887471967e-10,1.4479458136438653e-09,-4.958166224844689e-10,-8.596957543526124e-10,2.706818321931484e-10,-1.4934688648207115e-10,-4.6701198129978125e-11,-4.0314176878178715e-11,-4.995257400480164e-11,-3.566565846697789e-11,3.836055906440538e-10,1.4978385636188488e-10,-1.1919674591914253e-10,-3.1561590379767964e-10,1.3272096025203975e-11,2.995825728918293e-11,-1.4612800268503517e-10,-5.506929410641535e-11,3.716751192005513e-11,-8.684798579708014e-11,1.1760133807661993e-11,3.678508503207938e-11,-5.263001595385436e-11,2.2421134220509917e-13,2.006324277746213e-10,1.7087511271405894e-10,-2.417694000468991e-10,4.6871178422412036e-11,-2.0944366102758597e-11,-3.173939183162451e-11,-5.399618002503098e-11,1.3918321405942271e-11,1.3981837722100777e-10,-1.8356721811709494e-11
-2.8879773178071353e-09,-1.721309787391426e-06,-1.252718196855666e-09,-1.0309983993654383e-09,1.7489744936283113e-06,-1.8812650045199284e-09,-1.0726313555339312e-09,-1.1640315994471065e-09,-1.4735575304236908e-09,-5.426136056391923e-10,-7.832001886563993e-12,-3.810112016713794e-11,1.3795423278608849e-11,1.401040034980746e-10,-6.526668238802402e-13,8.319701832364859e-11,1.7793833294397024e-10,1.7872255132526378e-11,2.4843885718747023e-11,-1.470206591273161e-09,-6.335460365098665e-11,-9.162952409696801e-10,3.1856334313957036e-09,-2.675333262141903e-10,1.4017623957335407e-10,-6.59727927233386e-10,1.1710255596283177e-11,-1.3645700328174143e-10,6.627883593807535e-10,7.895701504978555e-11,2.8004138155266096e-10,-6.676926764988866e-11,2.7975323587482462e-11,-8.434084204005534e-13,-6.870992288712637e-12,-3.6146075160021933e-12,6.591745924858877e-11,3.485080747028448e-13,2.1006379973431966e-10,-2.4003989600209103e-10,2.386091219357029e-11,1.5793704221830076e-10,7.604809534964969e-12,-4.9558333230322996e-11,4.0659275381981224e-13,-5.498400027632766e-11,-1.4422020348524153e-10,1.9071279679334615e-10,-2.9432141581160115e-10,4.704136605048315e-10,3.976727178063237e-10,3.1583724864467414e-11,-2.524671749325771e-10,-1.4340187356377847e-10,1.092522983597087e-12,-3.172582903629707e-10,-5.097871238314706e-11,-8.322752660687703e-11,-1.0110443888171882e-11,8.946373678173276e-10,-6.152506053605839e-10,1.3217319189233746e-10,-4.127419163553611e-12,-4.909868582568112e-11,7.405104768108203e-11,9.127289082604738e-12,2.0486675050416752e-10,2.679714077453994e-11,2.2728267740492172e-10,-3.7979700088538016e-10,-2.4098906182722493e-11,-1.0832981615676569e-10,-1.1601103946013513e-10,-2.34754994871496e-10,3.2752013361647844e-11,1.2077174250166837e-10,3.747692358444137e-11,3.20120671464367e-11,1.0896467288119203e-10,3.543863566946829e-14,9.31031373623541e-11,-2.035037830456762e-10,2.9216716845793216e-12,-6.679819206516173e-11,9.973368969621607e-11,5.049292815793701e-10,1.3542647403628413e-10,-2.647710705719451e-11,-4.821261161581436e-10,1.4179924011117199e-11
-1.8709529859881078e-09,-1.1148197997995187e-06,-8.519125536141613e-10,-6.340718270859673e-10,-1.8812650045199284e-09,1.1325657850228327e-06,-6.685969830849446e-11,-8.137116610686529e-10,-1.0831067411322642e-09,2.747114455214595e-10,3.6168716504247696e-12,3.3933070594018335e-11,3.4088843343204816e-11,-7.81812093219256e-12,3.0140597086870573e-13,-3.4121544456890374e-13,2.2529848497503312e-10,-5.269234389391057e-10,-5.931374592712379e-11,-2.3204950190996359e-10,-3.8576316461754655e-12,1.3003776208285469e-10,2.7970272291689675e-11,3.826516136816821e-10,-1.1151123103774495e-10,-5.4674582635172326e-11,-1.3635211498467343e-13,3.250794837113927e-11,-8.154669844865448e-11,3.409557249111156e-11,1.009564881392477e-10,1.0279889063614138e-10,-1.4058332899684405e-11,-1.9039955005119835e-13,-1.4162543345021055e-11,-8.159980716472232e-13,-2.3958855572230796e-11,2.954881163399182e-13,1.346730315378358e-10,-8.703995654050237e-11,1.4987915548019027e-11,-7.17508520022055e-11,5.7892920195314e-11,-1.7131582678475587e-11,3.4473613572943267e-13,-3.535993030148367e-11,-1.264563462737394e-10,2.4449728634951884e-10,1.8192887830410884e-10,-1.1458004310923862e-10,1.9948121165473822e-10,-1.8437920630888047e-10,1.7575451967235952e-11,-5.470571207887457e-11,2.0366061037384298e-12,-6.611182823542801e-10,-8.685720860313533e-11,-2.8676445040862743e-11,-4.4909443549539837e-10,2.0178194097608377e-09,-7.476066132694996e-10,-9.485945578502371e-11,-1.191726597134954e-11,-6.579453459714744e-12,-2.046814890930883e-10,-7.730155877029041e-11,4.8464897564839463e-11,1.2559746693085176e-10,1.840572999625172e-11,9.019266272434722e-11,-1.9522544713889167e-11,5.2131684232999784e-11,4.68552485013549e-10,3.398148343428347e-11,-1.7378093333744142e-11,1.533790451058764e-11,6.012437200879314e-11,-1.7571898273416326e-11,-9.425888684533433e-11,-3.855001451955913e-13,-4.044823321738397e-10,-1.6404236165280328e-10,1.7607408209086484e-10,6.945201363197154e-11,8.247797329171599e-11,2.1440806595795253e-13,5.944355490917413e-11,1.3552428410560872e-11,-2.3620835640008763e-10,-7.014074801431881e-12
-1.1111752266950962e-09,-6.617329683850812e-07,-5.164687468623295e-10,-3.42405484023018e-10,-1.0726313555339312e-09,-6.685969830849446e-11,6.722259154496275e-07,-4.859288111058671e-10,-6.485235867392925e-10,2.696880637222615e-10,3.5482956406185134e-12,3.416519458242124e-11,3.360820187381134e-11,-7.494939787043626e-12,2.956913033848513e-13,4.887849381654862e-14,2.266666328894766e-10,-5.224633760312683e-10,-5.932828843287539e-11,-2.3399790358545435e-10,-6.421860887719693e-12,1.3336006641779674e-10,3.306111402758176e-11,3.7950147722640727e-10,-1.1434378799976294e-10,-5.262633006410218e-11,-1.1845677533073095e-13,3.329799954084983e-11,-1.0057793456514484e-10,3.4260851681718866e-11,1.0231184598300678e-10,1.0324760812196354e-10,-1.4145736350444285e-11,-1.7333969977708273e-13,-1.4190526640862133e-11,-7.428844276152955e-13,-2.4390107199244897e-11,2.8047875869145334e-13,1.2611685920499387e-10,-8.607890502065457e-11,1.9782025697883027e-11,-7.010189125514347e-11,5.933117793972226e-11,-1.6988892151777278e-11,3.2722521847289063e-13,-3.513167790979076e-11,-1.2900514776952253e-10,2.4394609167394113e-10,1.9447300482285712e-10,-1.2147722998803568e-10,2.0152111603353715e-10,-1.8842919826433157e-10,1.7884477710066142e-11,-5.38498095092243e-11,2.0378157469156675e-12,-6.614116208825916e-10,-8.853667039472861e-11,-2.950699157784062e-11,-4.4863689544012837e-10,2.0191259377735213e-09,-7.447867519831785e-10,-9.689888819252145e-11,-1.1855033927971955e-11,-6.635759977329705e-12,-2.058235970492734e-10,-7.855290804438357e-11,5.0448459631786406e-11,1.2882840856971488e-10,1.6288997565935858e-11,8.928174569354309e-11,-1.9767737493880866e-11,5.2688018241411234e-11,4.650938652544658e-10,3.173792220637388e-11,-1.7262935253869302e-11,1.4883208487716253e-11,6.016723499735555e-11,-1.728026985366768e-11,-9.480886364984257e-11,-3.798070257919611e-13,-3.985692601799759e-10,-1.652399488870566e-10,1.7511598451083655e-10,6.933722365708282e-11,8.279197379962747e-11,-5.452479143173308e-13,6.046936526123809e-11,1.3639183721052745e-11,-2.348280002605849e-10,-7.0420492872628914e-12
-1.1706530355813782e-09,-6.95958032062243e-07,-4.4708267291918575e-10,1.2677180047578542e-10,-1.1640315994471065e-09,-8.137116610686529e-10,-4.859288111058671e-10,7.068724781961497e-07,-4.998917351040264e-10,1.1017168281845846e-09,1.4637988598058836e-11,1.055647660821311e-10,-1.6716908032942922e-10,-6.608524691196516e-12,1.2198323831714622e-12,6.043760376741019e-11,-2.3539867525265883e-10,-4.773805841128696e-10,-2.0537219008392284e-10,-9.344213311252389e-11,1.49261285691781e-10,-2.0993015939949253e-10,-7.875175413534151e-11,2.853946731273946e-10,4.494074753957323e-10,-2.675783515119648e-10,-2.626603185851402e-13,3.429872470632592e-10,-2.412094519773733e-10,1.1044622187941035e-11,-4.10576962235303e-11,9.9396740411262e-11,-1.4869504343837675e-11,-1.5495018408327267e-13,-4.976329853901372e-11,-6.640722174998869e-13,-1.3947287741424234e-10,-6.589171301503707e-13,-2.3507306104177854e-10,2.4331293261067273e-10,1.1895397128123935e-10,-2.1430442018855108e-10,1.1660269378125757e-10,2.3672096580691727e-11,-7.687366518422324e-13,2.7213221597277572e-11,-6.095272918666709e-10,-3.152837111977672e-10,7.605667638632169e-10,1.4655251822761156e-10,4.913204108660406e-10,-8.984149501692477e-11,-2.531996793580605e-10,4.678005365767641e-11,6.637952882836635e-13,-1.0515788606240752e-10,-1.0798474006047761e-10,-3.1937561030568726e-10,-2.361140141161273e-10,5.824468961985474e-10,4.2516566462251837e-10,-3.423316196961875e-10,-1.589760367968645e-11,-4.171089256395108e-11,3.409063636638436e-11,-1.9854532008305236e-10,-2.0658537746116906e-10,-3.0525389154014435e-10,-2.00788717576251e-11,6.63293145884164e-10,-3.646960187651724e-11,1.535927898946882e-10,5.355873022898088e-10,-2.0743226893487257e-10,2.1764648815138574e-11,3.8293119932283915e-11,-1.3346571076157007e-14,6.058680220164565e-11,-1.5070610507293338e-10,-1.5348734825996416e-13,-3.1313499980887095e-10,2.6290077144253046e-10,-1.2483580360749078e-09,-5.0458445496739626e-11,-1.8804143955345258e-10,1.1116724869824602e-10,3.773506342251982e-11,-3.808199197546982e-11,1.0592663091649234e-09,1.1370056312300892e-11
-1.5520826942606101e-09,-9.234508580656954e-07,-7.159181714306708e-10,-5.655340855361445e-10,-1.4735575304236908e-09,-1.0831067411322642e-09,-6.485235867392925e-10,-4.998917351040264e-10,9.388829386579716e-07,4.044151955849758e-10,7.719483345631849e-12,1.1791961046016307e-10,1.293885560533061e-11,1.3376155477860646e-10,6.432902788025827e-13,3.3243389548397814e-10,-9.382298937073063e-11,-1.044154492636437e-09,1.370928814250421e-11,-2.9141434731507986e-10,3.6616632131443707e-10,-1.5875689323673748e-10,-4.4735609020847366e-11,-5.261365419807697e-10,-8.019058635526731e-10,1.420026459418141e-09,-1.915290135348436e-13,-1.7771337608715215e-10,8.344209236402614e-11,1.538214827138134e-10,3.321168493257504e-10,-1.4894582369768192e-11,-1.6959214971142442e-11,-3.077920267871871e-13,-1.7002786554398398e-11,-1.3191086862312318e-12,-1.5801420084876703e-10,5.895200290689084e-13,3.860594553308926e-10,-2.878530718298125e-10,-4.926472344120578e-11,1.136067789532013e-10,1.6944631569058933e-10,-1.98826468891724e-11,6.877733672467613e-13,-5.82897331450823e-12,8.97438400481766e-12,-4.1523521203645567e-10,3.87586348725101e-10,-1.3313528165114288e-10,2.1104782781381578e-10,1.1071551535183328e-10,9.41664684785269e-11,-1.638584584401569e-10,-4.563427455092771e-13,1.1490377848927934e-10,7.361917084769689e-11,-2.278299915161933e-10,1.9051813525342717e-10,-2.7288097538307804e-10,4.369392872804579e-10,-2.638504453227349e-10,-2.0630672827656947e-11,-4.7510557773252764e-11,-1.0979984478269441e-10,-2.0925551844974825e-11,1.6056272410126222e-10,4.937307024901251e-10,-3.172668195070135e-10,-1.7088205315362858e-10,-2.3404665651377852e-11,2.7531682045560752e-11,1.0262244846741632e-09,-2.217175081938079e-09,-1.4798565591005302e-11,4.341582438825789e-11,-5.890234159986377e-11,6.225886967777128e-11,-2.2609156092450243e-10,9.71894954913736e-13,1.342200443458388e-09,3.2020551383405126e-11,-1.1243152373041463e-10,-3.766333743151876e-11,-6.177721938851969e-11,-7.855770344096382e-10,2.646316847353369e-11,-2.3517641040554186e-11,1.0002884996703818e-09,-6.9480160165616634e-12
1.7940649282848525e-11,4.598116249878435e-09,9.622422141309597e-11,-1.7099757040381289e-10,-5.426136056391923e-10,2.747114455214595e-10,2.696880637222615e-10,1.1017168281845846e-09,4.044151955849758e-10,2.7590492796476374e-05,-6.817089064129523e-06,-3.863757922469022e-06,-5.950064420312004e-07,-2.1696168027690167e-06,-5.680907553441273e-07,-1.0867229250584473e-06,-7.005101276990379e-07,-9.955000039210494e-06,2.7507428642511734e-09,9.893469090389857e-10,2.3390539857671773e-09,-1.746110909851098e-09,-5.94560996934512e-09,-3.7183758331769923e-09,-2.3894739335248154e-10,5.479812818717607e-09,-2.9631838286874877e-11,5.615304835551534e-10,6.731427016121929e-09,-6.794501370394915e-10,-3.28078367011715e-09,-3.7706400534515594e-10,-6.571974980877646e-11,-3.766829570158011e-12,6.189458676665202e-11,-1.6143555300674814e-11,6.566086389012338e-10,-1.6420634321908359e-12,-4.9236580015024e-10,3.100166876260862e-12,-1.652698820482997e-09,1.912457063953449e-10,3.3826003690247775e-10,1.321922639357596e-10,-1.9157406708903616e-12,-4.9563253240683526e-11,2.69097890932477e-11,8.156788297349494e-10,5.787318499679059e-09,1.983977562994503e-09,-8.481526953859013e-09,3.6549494920635476e-11,-1.21724199214679e-09,-9.842103206576237e-10,-1.919399937211104e-12,-2.236320749920867e-09,-1.3611458782409988e-09,6.744273162438093e-09,-1.376097536349368e-10,2.172353634821774e-09,-5.3107793353326695e-09,-3.348526404297174e-10,1.27568479335164e-10,3.8776675206794744e-10,1.1188764552586836e-09,-3.5468157491090225e-10,-3.2505773671961353e-10,-5.352102159506209e-10,3.881959262864372e-09,-5.6998294756836635e-09,1.895605580928941e-10,1.3961435770475634e-09,3.731099953225914e-08,-5.584861170921039e-10,-5.076523025513682e-10,2.38932974793733e-09,1.0714203880672818e-10,1.135153706414471e-10,-2.432761000971487e-10,-3.064925403869671e-11,-3.859622036987417e-08,3.702236567615664e-09,4.8450660172677744e-11,-1.0062609151683419e-10,1.2626428328658383e-09,-4.187813995005621e-09,9.384390143203754e-11,-2.0907772957012691e-10,-8.824073555648462e-10,9.64666042084882e-11
2.4491432073658035e-13,6.202417534066725e-11,1.4810354007046358e-12,-1.5458349282684916e-12,-7.832001886563993e-12,3.6168716504247696e-12,3.5482956406185134e-12,1.4637988598058836e-11,7.719483345631849e-12,-6.817089064129523e-06,6.966117356882795e-06,-2.765418776192132e-08,-4.266649940393458e-09,-1.5537845256261977e-08,-4.065539654019112e-09,-7.781065627996682e-09,-5.051766976245117e-09,-7.153199657651112e-08,4.033692188085156e-11,1.4849721599791702e-11,2.826565913109638e-11,-2.986457295578861e-11,-7.097846646978544e-11,-5.31853243119642e-11,-7.438792076838482e-12,7.664400409541777e-11,-3.7650414992796423e-13,9.648456184590238e-12,9.438736336621392e-11,-8.443505722971603e-12,-4.268960741332616e-11,-5.374921390743468e-12,-6.124245632642289e-13,-5.744399751797916e-14,6.243814259722444e-13,-2.4618856079131735e-13,7.878456106521823e-12,-2.2432705001653005e-14,-4.241879696241128e-12,4.0888354223476215e-12,-2.365843885773392e-11,1.7687835082931459e-12,-1.9251845382969444e-12,1.9976263397860664e-12,-2.6171489168611717e-14,7.335822227182497e-13,-1.0456264084091985e-12,8.675877512217155e-12,8.224036249561668e-11,3.435176693985968e-11,-1.1588878654468448e-10,-1.52558177228733e-12,-1.9389587413375324e-11,-9.996583961734701e-12,-2.4585198646196735e-14,-2.9989746142935724e-11,-2.1741413445259842e-11,8.973780437217974e-11,-4.163059648638747e-12,3.8795329755346836e-11,-7.568210350312034e-11,-2.786774916297984e-12,1.1731397306031616e-12,6.1301925011006005e-12,1.4888035731951383e-11,-1.953020952979216e-12,2.380299990597738e-12,-5.0629706603936445e-12,5.297178928841933e-11,-8.962084387954768e-11,2.2185592145294898e-12,1.8951036356585875e-11,5.417455651059161e-10,-1.125239755196469e-11,-7.730392043904644e-12,2.5622367053620805e-11,1.4748764878550528e-12,1.0539703089647031e-12,-1.0181421127845225e-11,-4.339972118050969e-13,-5.40826880264247e-10,5.546788563802116e-11,2.100884838440205e-12,-1.0810080889947274e-12,1.9552551038331464e-11,-5.963191959829684e-11,-1.2704251673184275e-12,-2.7090290632517138e-12,-1.6205692605642454e-11,1.1134495203567448e-12
-8.290142442971485e-13,-2.5632113432002614e-10,6.557273877430235e-11,-1.3161984965919333e-10,-3.810112016713794e-11,3.3933070594018335e-11,3.416519458242124e-11,1.055647660821311e-10,1.1791961046016307e-10,-3.863757922469022e-06,-2.765418776192132e-08,3.9613782907221935e-06,-2.6539593905530974e-09,-8.633535459156499e-09,-2.304515646826777e-09,-4.2573930503264e-09,-2.975971944241526e-09,-4.184632639393653e-08,-2.610190063050202e-10,2.331057049553102e-10,-2.0386053520852578e-10,9.419183055895678e-10,6.963871111704315e-11,-3.478736652918127e-10,-1.1843138020811121e-11,-4.361102413707063e-10,1.5757751308958098e-12,-1.2558460349649983e-10,2.025512071075727e-11,1.2675614076625347e-10,-6.797784836561924e-11,-2.503313467767036e-12,-8.802218126977307e-12,1.0319826797887857e-13,3.56487948834329e-11,4.4227829133789134e-13,-1.8006845397782866e-09,4.320028739321256e-12,1.8514415922086618e-09,-4.6539259225860125e-10,2.0984392192098287e-10,-1.3627157308360876e-10,4.6408676646738243e-10,4.9145870264446327e-11,5.040033529207142e-12,9.391748698693313e-11,-1.0884868129718031e-10,4.1941432189245515e-10,1.3929697017759784e-09,-7.009202428299515e-10,-7.399031535887463e-10,-1.722376247437721e-10,-3.8815575907098587e-10,7.611434959436256e-11,-1.1491252909674816e-12,5.317617350257297e-11,-2.6996692239259243e-11,9.858946901804952e-10,3.215657809471615e-10,-1.1550355396867893e-09,-3.360052721361398e-10,1.5956219866007961e-10,-1.221171345736963e-11,-2.1652156946964173e-11,-1.0086467553644177e-10,-2.192944981727567e-10,3.547703303650791e-11,-4.4220944789703074e-11,3.752276682160327e-10,2.2300850468406566e-11,9.807490706607745e-12,-3.952573095144607e-11,1.707526822538986e-09,-1.9003864100774968e-10,-1.8080290052222087e-11,1.6772624448976002e-10,8.326131543459103e-11,-1.2501828993781784e-11,-1.187114013045432e-10,-1.2185226834988828e-12,-1.6075758887732655e-09,1.4454565188992623e-10,-1.3080088983876356e-10,-2.7352733057233303e-12,2.3684662109406904e-10,5.231696617257972e-10,-7.43383334684923e-11,5.000236944897967e-11,-7.901313414636145e-10,1.7326030132869333e-11
1.7165766764052456e-12,4.928487111186126e-10,-4.85892900598201e-11,1.2817006629318934e-10,1.3795423278608849e-11,3.4088843343204816e-11,3.360820187381134e-11,-1.6716908032942922e-10,1.293885560533061e-11,-5.950064420312004e-07,-4.266649940393458e-09,-2.6539593905530974e-09,6.111110106515785e-07,-1.4178744818725544e-09,-3.555541616994547e-10,-9.965499471404929e-10,-3.590567285872939e-10,-4.9418130879985586e-09,9.83835816837633e-11,5.656361126398357e-12,5.74408916172487e-10,-1.7720264263622476e-10,-5.718284197437745e-10,-2.3416979161114604e-11,6.289483802269523e-10,-5.705205646577772e-10,-1.4033831537837647e-12,5.526352687433996e-11,5.972335871833411e-10,1.4771538807029033e-10,3.8686238471173187e-10,-6.1678773632652926e-12,1.4784159576358e-11,-1.0256900501894057e-12,1.5233746852557108e-11,-4.395814500812133e-12,1.8401263499498733e-10,6.232170908776336e-13,5.869575243961034e-10,5.895768856644507e-10,-8.292672712939408e-10,-2.218953983450547e-10,-4.395957270144245e-10,-3.1708160195726705e-11,7.270866060242232e-13,-1.0049280466505672e-10,-2.603019096258958e-10,-9.933987252359087e-10,-1.1987135235370829e-09,8.158701384326217e-10,2.103076927465164e-09,2.4280708286767206e-10,-1.972597930140326e-10,1.0595126446661283e-10,2.6222557729181627e-12,2.2975449559947037e-11,9.112688056746535e-11,-1.9840723792477363e-09,1.5401222980502104e-11,2.336294939722224e-09,-5.96395736222627e-10,1.7984180846754816e-10,-2.5249701570817694e-11,7.988528092975036e-12,-1.6189078315557702e-11,3.012696210878428e-10,-1.2026469892455095e-10,-4.925064380110184e-10,3.0726331615637385e-10,8.99817274801603e-11,-3.815821657927532e-11,-5.20670776271028e-11,-1.120047924269382e-09,-4.891049818849313e-11,-2.47159024404739e-11,-1.4407305199764633e-09,1.0062095390470296e-10,-2.4818944334032953e-11,3.6185710872120946e-10,1.3930235253564543e-12,2.205005528358299e-09,-1.4579553335067518e-10,2.0345501326423597e-10,1.0666489057733863e-10,-4.3964365913296805e-11,3.746281421158923e-10,-1.0833534369925363e-10,2.9709541737442057e-12,-3.6541390076078767e-10,-1.3766862699316852e-11
-1.1542183755305362e-12,-3.7191737585025697e-10,8.774846220284828e-11,7.23115602780973e-11,1.401040034980746e-10,-7.81812093219256e-12,-7.494939787043626e-12,-6.608524691196516e-12,1.3376155477860646e-10,-2.1696168027690167e-06,-1.5537845256261977e-08,-8.633535459156499e-09,-1.4178744818725544e-09,2.2276190319805763e-06,-1.2948204380218306e-09,-2.3020960888731702e-09,-1.749677533633853e-09,-2.2733950255247933e-08,-1.7911958377552275e-09,-2.370381022713387e-10,-2.315388468297561e-10,-5.693974139038629e-10,1.2619992830754378e-09,-3.306536209726344e-10,6.334132899343883e-10,1.2910477516649362e-09,5.318267264370458e-12,8.577189857603441e-11,4.4655444845575083e-13,1.2017426158293256e-11,-1.4971961188422181e-10,1.2479157888050138e-10,2.511956795516028e-11,-7.10699861555368e-15,-1.828965847371099e-11,-3.0458565494387135e-14,-1.6545192075320433e-10,2.723744411803161e-12,1.485535773341333e-09,-8.605157122051081e-10,-3.170235303865559e-10,1.330357479000592e-11,6.141554930113844e-11,-1.884006274398294e-11,3.1777018137703575e-12,-1.354170720802586e-10,2.351641665153489e-10,1.0569345744810471e-09,-5.126557117114312e-10,7.565483727727811e-12,-8.411816424657908e-10,-2.9289425322865475e-10,1.2176353033281238e-10,-5.650278623309474e-11,-2.22177087303303e-12,6.962278511333319e-12,-5.415302771907569e-11,1.0040743892778152e-09,8.211574123789393e-10,-2.2131951265716013e-09,3.5055482253886955e-10,7.053840286386409e-11,-2.6519246530563633e-11,-8.586284897826113e-12,-3.881255196830558e-11,-4.227822079702821e-11,2.492380450080644e-10,-4.634161906500871e-10,-3.493618361425981e-10,6.787357673667296e-10,-4.5732568274062814e-11,-1.0259526688987719e-11,2.545538647089296e-10,-2.1801908864612815e-10,2.5995027470802023e-11,1.5425991569318183e-10,-4.7271406748859617e-11,2.8776774840199798e-11,-9.455509872538771e-11,-1.0542512847965779e-13,-1.750014083588183e-10,8.335252850311862e-11,-1.2893903592751978e-10,2.2317054838913335e-11,-2.7410300088978416e-10,-7.162714592548909e-10,-4.028175341264626e-11,3.834964704188414e-11,1.0785587331890755e-09,-2.9478569683326336e-11
2.0409526728048667e-14,5.168681278389037e-12,1.2341961672535958e-13,-1.2881957735572666e-13,-6.526668238802402e-13,3.0140597086870573e-13,2.956913033848513e-13,1.2198323831714622e-12,6.432902788025827e-13,-5.680907553441273e-07,-4.065539654019112e-09,-2.304515646826777e-09,-3.555541616994547e-10,-1.2948204380218306e-09,5.842365244230837e-07,-6.484221356663903e-10,-4.2098058135375937e-10,-5.960999714709257e-09,3.361410156737382e-12,1.2374767999824405e-12,2.3554715942578063e-12,-2.488714412982804e-12,-5.9148722058152795e-12,-4.432110359329606e-12,-6.198993397366917e-13,6.387000341285138e-12,-3.1375345827330957e-14,8.040380153825581e-13,7.865613613851103e-12,-7.036254769142414e-13,-3.5574672844434685e-12,-4.479101158952382e-13,-5.1035380271986506e-14,-4.786999793165298e-15,5.2031785497643216e-14,-2.0515713399278043e-14,6.565380088766499e-13,-1.8693920834700723e-15,-3.534899746862579e-13,3.4073628519532103e-13,-1.9715365714781092e-12,1.473986256911641e-13,-1.6043204485759787e-13,1.6646886164881067e-13,-2.1809574307164635e-15,6.11318518931822e-14,-8.7135534033886e-14,7.229897926848798e-13,6.853363541300458e-12,2.8626472449885834e-12,-9.6573988787228e-12,-1.2713181435778687e-13,-1.6157989511142937e-12,-8.330486634780235e-13,-2.0487665538492837e-15,-2.4991455119111796e-12,-1.8117844537711484e-12,7.478150364347527e-12,-3.4692163738698795e-13,3.2329441462788247e-12,-6.306841958592752e-12,-2.322312430247812e-13,9.776164421694806e-14,5.108493750917213e-13,1.240669644329303e-12,-1.627517460817798e-13,1.9835833255025355e-13,-4.219142216993574e-13,4.4143157740344404e-12,-7.468403656628763e-12,1.8487993454409955e-13,1.5792530297153466e-12,4.5145463758823045e-11,-9.376997959969828e-13,-6.441993369920278e-13,2.135197254468478e-12,1.229063739878528e-13,8.783085908039478e-14,-8.484517606536337e-13,-3.616643431708899e-14,-4.5068906688684187e-11,4.622323803168203e-12,1.7507373653660216e-13,-9.00840074161986e-14,1.62937925319406e-12,-4.969326633191709e-12,-1.0586876394327197e-13,-2.2575242193762998e-13,-1.3504743838026732e-12,9.27874600297275e-14
-1.3931926370918e-12,-4.0349893682970786e-10,-2.004211880592892e-11,5.3604270207517434e-11,8.319701832364859e-11,-3.4121544456890374e-13,4.887849381654862e-14,6.043760376741019e-11,3.3243389548397814e-10,-1.0867229250584473e-06,-7.781065627996682e-09,-4.2573930503264e-09,-9.965499471404929e-10,-2.3020960888731702e-09,-6.484221356663903e-10,1.1169172500332955e-06,-1.0877008422410338e-09,-1.1044416165433846e-08,-1.8669996580247313e-10,-4.7116362398444e-11,-5.947063982063847e-10,-5.246544472124489e-10,1.8434333012443178e-09,-4.0932589441620083e-10,-8.718589495345501e-10,8.600341577502381e-10,5.381827123629635e-12,-5.979484990637705e-11,2.0107656100594736e-11,1.04415802835317e-10,4.4318985705922283e-10,5.3575028327308334e-11,5.3712655973102345e-11,-5.78257712402151e-13,-3.346439224129073e-11,-2.4782473388669858e-12,-7.576523544068217e-11,1.0467757734882758e-12,6.983977377997442e-10,-7.154501528481581e-10,3.2705725615822794e-10,-1.0597815871683223e-10,-7.162103180520479e-11,1.546155085713064e-11,1.2212384024027049e-12,9.306525171525448e-11,-7.103053717308569e-11,6.855830223611995e-10,-9.123824660931033e-10,7.148039981101942e-10,-4.545437157299075e-10,2.6183704894079025e-10,-5.7465829379077694e-11,1.4117226030280802e-10,-1.652601253484968e-12,2.501856025737667e-10,-8.806857006197593e-11,6.54039770025194e-10,-2.0357988844381675e-10,-1.0078605638032837e-09,4.468819991134909e-10,-5.278534895064352e-13,-4.181637225297156e-11,-9.232534904500673e-11,-1.8603531017210974e-10,-3.9863575061954704e-11,3.9374234039975965e-10,4.4725407346129453e-10,-6.215152264198381e-10,2.2718103717234358e-10,-4.0860370371339485e-12,-9.79022190287958e-11,-3.5138289564187003e-10,-4.473387996214805e-10,1.610467992460245e-11,2.991197533603682e-10,-1.1991177789854943e-10,-3.2207369510683776e-11,-1.4446464161829971e-09,1.0893010663853903e-12,2.0590790154218416e-09,2.403303903419834e-10,-1.371977894260613e-11,7.668724069197206e-12,-5.8136128726224934e-12,-5.755744006365357e-10,-1.0618004499519866e-10,3.89570837387978e-11,4.494001794125845e-10,-1.5497327155754112e-11
-4.8862425515839574e-12,-1.3403002289171422e-09,-1.764334018062137e-10,-2.4932478600997464e-10,1.7793833294397024e-10,2.2529848497503312e-10,2.266666328894766e-10,-2.3539867525265883e-10,-9.382298937073063e-11,-7.005101276990379e-07,-5.051766976245117e-09,-2.975971944241526e-09,-3.590567285872939e-10,-1.749677533633853e-09,-4.2098058135375937e-10,-1.0877008422410338e-09,7.201195546107204e-07,-6.776436872325318e-09,-3.872764561590296e-10,-3.455629277498176e-10,7.525458875323629e-11,-1.634490595156663e-10,1.7605743457682174e-09,-4.904554505586613e-10,3.738270818586375e-11,-4.431665492457403e-10,6.08041755582514e-12,3.13505394194637e-11,-1.6834905507405346e-09,6.509625453539465e-11,4.484019738863651e-10,1.9232906392919422e-10,-4.720994293702053e-11,1.190583382638832e-12,-4.753177251048974e-11,5.102500211309747e-12,2.1618376519675224e-10,2.157732010770846e-12,1.0925430612551132e-09,-5.510009211883972e-10,-2.7863035580571903e-10,-2.9607793271147076e-10,1.1699236400117146e-10,-5.85287221273341e-11,2.5173540125657333e-12,2.687670048311275e-10,-1.8671790007674815e-10,3.0580924789111654e-10,-1.9323727047534476e-09,2.5322578321403036e-10,1.3212741562415482e-09,-5.03334847762793e-11,1.8396398596376976e-11,2.9543890220392583e-10,-2.1423186223931546e-12,1.3732145521366377e-10,8.20437742426637e-10,3.3948877139894117e-10,1.1267791677611388e-09,-3.4482308745522385e-09,1.1107102112944546e-09,-8.437818917539969e-11,-6.372540574014356e-11,-5.713816423074096e-11,-2.7819495081275047e-10,-4.4982196183242514e-11,-4.506092455429587e-10,-3.781610166153899e-10,-9.746640785488717e-10,2.547136483618085e-09,-2.5833712988403042e-11,-4.061372690165466e-10,-8.426791349323039e-10,1.7492007372898604e-10,4.262881514416213e-11,-5.196641253251703e-10,-4.656160423170139e-11,4.334342239400359e-11,8.36517119986118e-10,2.781893084904877e-13,4.965111067828594e-10,-3.858412105584214e-09,4.2708235056977427e-10,1.6566585058823418e-11,2.788484901735029e-10,3.456226743755286e-10,2.500786855630815e-10,-2.7087921470921773e-11,2.4611087669546635e-09,2.2719435542043026e-11
-1.5928796099415943e-11,-4.198047812380907e-09,4.74359420176915e-11,4.476584385098266e-10,1.7872255132526378e-11,-5.269234389391057e-10,-5.224633760312683e-10,-4.773805841128696e-10,-1.044154492636437e-09,-9.955000039210494e-06,-7.153199657651112e-08,-4.184632639393653e-08,-4.9418130879985586e-09,-2.2733950255247933e-08,-5.960999714709257e-09,-1.1044416165433846e-08,-6.776436872325318e-09,1.0139827208227581e-05,-3.8544493745592206e-10,-5.60402372600196e-10,-2.019455369051357e-09,2.4997205816795764e-09,8.089213736014842e-10,5.068810010236969e-09,-6.174112406420289e-11,-5.329992921663313e-09,1.0453024646706863e-11,7.768190111284002e-10,-6.853261265678642e-09,2.7301612141701595e-10,2.230089602875625e-09,1.051228537326743e-10,3.6243810993384906e-11,3.8049421845529495e-12,-5.072275534450528e-11,1.6306895076652728e-11,1.09625103355849e-09,-1.1576251531082841e-11,-6.524599889692429e-09,2.515011513118052e-09,2.6415585758190474e-09,5.066683035244247e-10,-1.5212739232151201e-10,-8.325078770485763e-11,-1.3505626786260592e-11,-2.0076692567233255e-10,1.393572074147258e-10,-2.761317331136956e-09,6.056458318740635e-10,-3.0264506776979875e-09,5.290926322155827e-09,-3.2401615945350513e-10,1.5155714824590028e-09,5.603470320392723e-10,4.043863165959325e-12,1.749968874486815e-09,5.68165066264694e-10,-6.600874144466114e-09,-1.6848048346131315e-09,1.6435722235984699e-09,4.5838153276927005e-09,1.1955403474403982e-10,4.427755959698067e-11,-1.1688048017912863e-10,-4.1927687053473193e-10,1.3900277871092875e-10,3.6847930623943493e-10,1.455801486589941e-09,-2.7326725673278004e-09,2.089692417184386e-09,-1.3998411175643916e-10,-6.539865600395554e-10,-3.8261789553769274e-08,1.4942848772387615e-09,4.384981572572635e-10,-1.2041719981669233e-09,-1.9604202343521363e-11,-1.5555912216953514e-10,5.670157209908483e-10,3.0365615419602264e-11,3.691060265717326e-08,-6.896406894365408e-11,-6.543738694231101e-10,-2.917154866696241e-12,-1.5853471977701945e-09,3.4943612157228947e-09,-2.092411954420117e-10,1.4493174229841988e-10,-7.719098669763235e-10,-9.580140375978966e-11
5.193752053934727e-14,1.0378504299449567e-10,-6.036970017564904e-11,-9.507319677371203e-11,2.4843885718747023e-11,-5.931374592712379e-11,-5.932828843287539e-11,-2.0537219008392284e-10,1.370928814250421e-11,2.7507428642511734e-09,4.033692188085156e-11,-2.610190063050202e-10,9.83835816837633e-11,-1.7911958377552275e-09,3.361410156737382e-12,-1.8669996580247313e-10,-3.872764561590296e-10,-3.8544493745592206e-10,1.4755557039307099e-06,-1.702980844539149e-09,-4.672445641120427e-09,-4.242315292245132e-09,-1.4193818473160947e-06,-8.542211629712264e-09,-8.511090458186867e-09,-2.4255082812882995e-08,-2.666108059091776e-09,-9.213340637599863e-11,-2.2243741452450758e-10,-2.794990030704194e-11,2.1649539782826448e-10,-1.0717535549334913e-10,-3.279197667051579e-11,1.622563535507596e-13,1.2754199747234576e-10,6.953843723593435e-13,2.112134301213149e-10,-3.23773001230043e-12,-1.635169265066345e-09,1.2040476315934844e-09,3.036990179191676e-10,1.1936233490277609e-10,-4.032511579212086e-10,-4.217025082608744e-11,-3.777351681017134e-12,8.899185820452947e-11,-1.73154785598214e-10,-1.368681166260956e-09,7.890707263235218e-10,-1.9590959722066167e-10,1.0351188124994872e-09,5.488598644962187e-10,-1.6223403428293323e-10,-7.385368418534851e-11,1.2964505817312137e-12,8.65782059119122e-11,-7.617319791243532e-11,-9.607042978835558e-10,1.5956128037316493e-13,1.3621630218127467e-09,-5.377385119369974e-10,1.5086658271341285e-10,2.8643936763839333e-11,6.441891303131713e-12,3.1529066603809546e-11,2.404431769134753e-10,1.0214800011046751e-10,8.02952343273946e-10,3.5688332210250236e-10,-1.5863500020366022e-09,5.164103372232348e-11,3.2888118966630043e-11,2.5820936341715014e-10,4.623674298868734e-11,-3.525534699437746e-11,-2.6934499434119766e-11,1.683972358690387e-10,-3.7295560859641887e-11,6.969574601787058e-11,-3.161354112824007e-13,-3.492327423591612e-10,-8.01428945259833e-11,1.4145282469910122e-10,-2.993198056031298e-11,5.301639626289069e-10,3.8035501837111073e-10,-8.585956587401514e-12,-5.12988277832376e-11,-9.038989440072581e-10,-1.7558549262870232e-11
